        avg         | property_id 
--------------------+-------------
 3.8461538461538462 |         251
 3.7500000000000000 |         106
 3.9090909090909091 |         120
 4.3333333333333333 |         681
 3.8333333333333333 |         285
 4.3750000000000000 |         866
 4.2857142857142857 |         264
 4.2500000000000000 |         887
 4.3750000000000000 |         802
 3.9230769230769231 |         664
 4.7500000000000000 |         601
 4.0000000000000000 |         647
 4.1875000000000000 |         497
 4.1250000000000000 |         452
 3.5714285714285714 |         496
 4.2500000000000000 |         455
 4.0500000000000000 |         630
 3.7777777777777778 |         209
 4.3750000000000000 |         665
 3.8333333333333333 |         276
 4.0000000000000000 |         577
 3.9166666666666667 |         606
 3.9473684210526316 |         850
 3.8666666666666667 |         801
 4.4166666666666667 |         550
 3.6000000000000000 |         599
 4.0000000000000000 |         856
 4.0000000000000000 |         756
 4.2500000000000000 |         807
 4.0000000000000000 |         872
 3.8181818181818182 |         151
 4.4000000000000000 |         384
 4.1333333333333333 |         921
 4.0000000000000000 |         253
 3.6666666666666667 |         700
 3.3333333333333333 |         119
 4.0000000000000000 |         399
 4.2727272727272727 |         852
 3.8000000000000000 |         270
 4.5555555555555556 |         437
 3.8095238095238095 |         620
 4.0000000000000000 |         518
 4.5000000000000000 |         549
 4.3333333333333333 |         268
 3.7894736842105263 |         310
 4.3333333333333333 |         214
 3.8421052631578947 |         397
 4.0000000000000000 |         836
 4.2000000000000000 |         101
 3.9047619047619048 |         339
 4.0000000000000000 |          20
 4.2727272727272727 |         486
 4.1363636363636364 |         330
 4.0666666666666667 |         847
 4.2000000000000000 |          82
 3.8571428571428571 |          25
 3.3333333333333333 |         359
 4.5555555555555556 |         213
 3.8000000000000000 |          26
 3.3333333333333333 |         137
 3.9000000000000000 |         745
 4.1818181818181818 |         957
 4.0000000000000000 |         996
 4.2307692307692308 |         265
 3.4285714285714286 |         379
 5.0000000000000000 |         405
 4.6000000000000000 |         292
 4.2000000000000000 |         168
 3.5000000000000000 |         136
 4.1111111111111111 |         196
 4.6250000000000000 |         910
 4.2857142857142857 |         218
 4.5555555555555556 |         373
 4.0000000000000000 |         238
 4.5000000000000000 |          27
 4.2000000000000000 |         969
 3.5000000000000000 |         230
 3.9230769230769231 |         883
 4.1111111111111111 |         785
 4.0000000000000000 |         414
 4.4285714285714286 |         667
 4.0909090909090909 |         449
 4.0555555555555556 |         765
 4.2500000000000000 |         942
 4.2666666666666667 |         899
 4.8000000000000000 |         786
 4.2222222222222222 |         149
 3.6666666666666667 |          93
 4.0000000000000000 |         733
 3.5555555555555556 |         307
 3.7777777777777778 |         382
 4.0833333333333333 |         825
 4.0000000000000000 |         335
 4.0000000000000000 |         706
 3.6923076923076923 |         838
 3.9333333333333333 |         541
 3.5000000000000000 |         555
 3.6666666666666667 |         554
 3.6666666666666667 |         805
 4.3333333333333333 |         191
 4.1818181818181818 |         815
 4.1818181818181818 |         774
 4.2000000000000000 |         833
 3.7777777777777778 |         295
 4.2500000000000000 |         714
 4.0000000000000000 |          11
 3.9523809523809524 |         228
 4.0000000000000000 |         135
 3.8571428571428571 |         523
 3.8333333333333333 |         252
 4.3333333333333333 |          39
 3.8333333333333333 |         537
 4.3333333333333333 |         839
 4.2727272727272727 |         834
 4.2857142857142857 |         882
 3.8333333333333333 |         508
 4.1428571428571429 |         526
 3.7272727272727273 |         489
 3.9333333333333333 |         559
 3.6666666666666667 |         662
 3.7500000000000000 |         131
 4.4545454545454545 |         974
 4.1428571428571429 |         178
 3.9090909090909091 |         471
 3.7500000000000000 |         255
 4.0000000000000000 |         241
 4.4285714285714286 |         357
 3.8000000000000000 |         958
 4.0000000000000000 |         812
 4.0625000000000000 |         465
 4.3076923076923077 |         325
 3.8750000000000000 |          17
 4.1428571428571429 |          66
 3.5000000000000000 |         142
 4.0000000000000000 |         563
 4.0952380952380952 |         980
 3.5333333333333333 |         827
 4.0000000000000000 |         479
 4.0000000000000000 |          89
 4.5714285714285714 |         640
 4.0000000000000000 |         160
 4.4000000000000000 |         861
 3.8333333333333333 |         284
 4.0909090909090909 |         504
 3.8666666666666667 |          33
 3.7500000000000000 |         512
 4.0909090909090909 |         633
 3.8750000000000000 |         816
 4.0000000000000000 |         900
 3.8000000000000000 |         779
 4.1538461538461538 |         442
 4.7500000000000000 |         109
 4.0000000000000000 |          57
 4.0000000000000000 |         239
 3.7500000000000000 |         288
 3.8750000000000000 |          31
 3.7500000000000000 |         914
 3.7777777777777778 |         524
 4.0000000000000000 |         738
 4.0000000000000000 |         644
 3.5000000000000000 |         817
 3.7333333333333333 |         949
 4.0714285714285714 |          34
 4.0666666666666667 |         505
 3.5454545454545455 |         763
 4.0000000000000000 |         296
 4.4000000000000000 |          12
 4.1250000000000000 |         686
 4.1428571428571429 |         282
 4.3333333333333333 |         321
 4.0000000000000000 |         428
 3.6363636363636364 |          10
 3.2500000000000000 |         324
 4.2352941176470588 |         684
 3.6000000000000000 |          18
 3.9444444444444444 |         139
 4.2000000000000000 |         146
 3.4285714285714286 |         614
 3.5714285714285714 |         752
 4.0769230769230769 |         848
 4.1000000000000000 |         143
 4.2941176470588235 |         594
 4.2000000000000000 |         424
 4.1428571428571429 |          98
 4.0000000000000000 |         381
 3.3333333333333333 |         193
 4.0769230769230769 |         927
 3.8666666666666667 |         655
 4.0909090909090909 |         408
 3.8333333333333333 |         853
 4.4285714285714286 |         466
 3.7500000000000000 |         243
 3.6666666666666667 |         617
 3.5882352941176471 |         674
 4.1818181818181818 |         167
 4.3750000000000000 |         995
 4.3333333333333333 |         250
 4.0909090909090909 |         672
 3.8235294117647059 |         918
 4.1428571428571429 |          64
 4.3333333333333333 |         478
 4.4285714285714286 |         956
 3.6666666666666667 |         145
 4.2857142857142857 |         582
 3.8181818181818182 |         777
 4.0000000000000000 |         458
 3.8750000000000000 |         198
 3.8000000000000000 |         104
 3.5000000000000000 |         629
 3.6000000000000000 |         413
 3.8333333333333333 |         163
 3.8888888888888889 |         898
 4.0000000000000000 |         102
 4.2222222222222222 |         315
 3.9259259259259259 |         533
 3.9375000000000000 |          71
 4.0000000000000000 |         588
 4.0000000000000000 |           2
 4.1428571428571429 |         796
 4.5000000000000000 |          72
 3.6666666666666667 |         343
 4.0000000000000000 |         624
 3.6666666666666667 |         234
 4.3000000000000000 |         186
 3.5000000000000000 |         177
 3.8333333333333333 |         626
 3.9000000000000000 |         843
 4.2500000000000000 |         823
 3.8000000000000000 |         705
 3.9285714285714286 |         346
 4.0909090909090909 |         841
 4.0000000000000000 |         480
 4.0000000000000000 |         337
 4.1818181818181818 |         280
 3.6666666666666667 |         727
 3.6000000000000000 |         886
 3.8333333333333333 |         781
 4.2000000000000000 |         696
 4.2000000000000000 |         297
 3.5000000000000000 |         419
 4.0666666666666667 |         459
 4.0500000000000000 |         314
 4.0000000000000000 |         938
 4.2000000000000000 |         627
 4.0000000000000000 |         391
 4.0000000000000000 |         444
 3.8750000000000000 |         400
 3.8461538461538462 |         893
 4.1666666666666667 |         689
 3.7000000000000000 |         274
 4.0000000000000000 |         473
 4.0000000000000000 |         636
 4.0833333333333333 |         320
 3.9500000000000000 |         819
 4.0000000000000000 |         595
 4.0000000000000000 |         426
 3.8750000000000000 |         412
 4.2500000000000000 |          47
 4.1000000000000000 |         651
 4.0000000000000000 |         741
 5.0000000000000000 |         813
 4.0833333333333333 |         211
 4.0000000000000000 |          46
 4.2000000000000000 |          83
 4.0000000000000000 |         970
 3.6000000000000000 |         919
 3.7777777777777778 |         304
 4.2500000000000000 |          15
 3.6250000000000000 |         851
 4.0000000000000000 |         361
 3.7500000000000000 |          77
 3.7500000000000000 |         125
 3.9166666666666667 |         140
 3.8750000000000000 |         474
 4.3636363636363636 |         687
 3.5000000000000000 |         153
 4.0000000000000000 |         631
 4.3333333333333333 |          73
 3.2857142857142857 |         806
 4.2666666666666667 |          40
 4.0000000000000000 |         182
 5.0000000000000000 |          56
 3.8333333333333333 |         355
 3.5454545454545455 |         590
 3.6000000000000000 |         579
 4.0000000000000000 |         946
 4.0000000000000000 |         277
 4.7500000000000000 |         729
 4.2000000000000000 |         261
 3.9333333333333333 |         123
 4.0000000000000000 |         885
 3.9285714285714286 |         348
 4.0000000000000000 |         984
 4.4000000000000000 |         868
 3.5000000000000000 |         332
 4.1428571428571429 |         965
 3.8888888888888889 |         891
 4.1428571428571429 |         468
 4.0000000000000000 |         880
 4.2000000000000000 |         333
 4.0000000000000000 |         730
 4.0588235294117647 |         575
 3.7500000000000000 |         800
 3.7857142857142857 |         484
 4.5000000000000000 |         915
 4.7500000000000000 |         189
 4.3076923076923077 |         569
 3.7272727272727273 |         712
 3.2857142857142857 |         404
 4.5789473684210526 |         507
 3.6250000000000000 |         596
 4.0666666666666667 |         233
 3.9230769230769231 |         547
 4.2000000000000000 |         923
 3.7142857142857143 |         997
 4.0000000000000000 |         952
 4.6666666666666667 |         485
 4.1111111111111111 |         578
 3.8571428571428571 |         977
 4.0000000000000000 |         556
 3.8333333333333333 |         376
 3.9000000000000000 |         226
 4.1818181818181818 |         500
 4.0000000000000000 |          13
 3.7000000000000000 |         723
 3.8750000000000000 |         879
 3.6363636363636364 |         515
 4.0000000000000000 |         566
 4.3333333333333333 |          91
 4.0000000000000000 |         642
 4.1666666666666667 |         695
 3.8333333333333333 |         737
 4.1111111111111111 |         770
 3.9000000000000000 |         433
 4.2000000000000000 |         540
 4.5000000000000000 |         303
 4.7142857142857143 |         293
 3.5714285714285714 |         543
 4.2857142857142857 |         610
 4.0000000000000000 |         782
 4.7000000000000000 |         365
 4.0000000000000000 |         869
 4.0000000000000000 |         532
 3.8461538461538462 |         165
 3.9166666666666667 |         287
 4.5000000000000000 |         748
 4.0000000000000000 |         837
 4.2222222222222222 |          21
 4.1111111111111111 |         976
 4.0000000000000000 |         897
 4.1666666666666667 |         152
 3.5000000000000000 |         475
 3.4285714285714286 |         536
 3.8888888888888889 |         719
 3.8571428571428571 |         401
 4.0000000000000000 |         570
 3.9285714285714286 |           5
 4.0000000000000000 |         281
 4.0000000000000000 |         462
 4.0000000000000000 |         301
 3.9375000000000000 |         461
 3.8823529411764706 |         181
 4.0000000000000000 |         789
 4.0000000000000000 |         499
 3.8333333333333333 |         340
 3.5000000000000000 |         593
 4.0000000000000000 |         498
 4.0000000000000000 |         661
 4.2142857142857143 |         367
 3.6000000000000000 |         822
 4.2142857142857143 |         392
 3.7272727272727273 |         983
 3.6363636363636364 |         896
 3.7142857142857143 |         979
 4.2727272727272727 |         994
 4.1538461538461538 |         609
 3.8181818181818182 |         298
 3.6666666666666667 |         429
 4.2307692307692308 |         718
 4.1666666666666667 |         519
 3.5333333333333333 |         846
 3.8571428571428571 |         432
 4.0000000000000000 |         673
 4.5000000000000000 |         690
 4.1666666666666667 |         931
 4.4285714285714286 |         656
 4.0000000000000000 |         254
 3.4545454545454545 |         625
 3.3333333333333333 |         112
 3.9230769230769231 |          96
 4.6666666666666667 |         694
 4.0000000000000000 |         581
 4.1111111111111111 |         863
 3.7777777777777778 |         818
 3.6000000000000000 |         396
 3.9333333333333333 |         954
 3.9000000000000000 |         679
 3.3333333333333333 |         820
 4.0000000000000000 |         107
 4.2500000000000000 |         493
 3.5454545454545455 |         935
 3.9166666666666667 |         600
 4.1000000000000000 |         319
 4.1818181818181818 |         937
 3.3333333333333333 |         530
 4.2857142857142857 |         221
 3.5555555555555556 |         775
 3.2500000000000000 |         435
 4.1666666666666667 |         889
 4.0000000000000000 |         653
 3.8888888888888889 |         654
 4.1000000000000000 |         576
 3.9285714285714286 |         759
 4.0000000000000000 |         258
 4.1666666666666667 |         398
 4.2727272727272727 |         108
 4.5000000000000000 |          19
 4.0000000000000000 |         913
 3.5000000000000000 |         589
 4.0000000000000000 |         643
 4.1538461538461538 |         966
 4.1666666666666667 |         215
 4.1428571428571429 |          65
 4.3333333333333333 |          52
 3.7777777777777778 |         366
 3.9285714285714286 |         317
 3.8000000000000000 |         635
 3.7333333333333333 |         440
 3.2500000000000000 |          37
 4.1176470588235294 |          85
 4.3636363636363636 |         421
 4.0000000000000000 |          32
 4.3684210526315789 |         546
 4.0000000000000000 |         358
 3.8750000000000000 |         164
 3.8888888888888889 |         701
 4.2307692307692308 |         736
 4.0000000000000000 |         326
 4.0000000000000000 |         704
 4.3333333333333333 |          78
 5.0000000000000000 |         278
 4.1333333333333333 |         941
 4.1428571428571429 |         875
 4.2000000000000000 |         603
 4.2222222222222222 |         637
 4.0000000000000000 |         133
 3.7894736842105263 |         279
 3.9090909090909091 |         100
 4.4666666666666667 |         443
 3.5000000000000000 |         892
 3.9000000000000000 |         492
 3.8571428571428571 |         758
 4.5000000000000000 |         416
 3.8235294117647059 |         804
 3.8000000000000000 |         755
 4.3333333333333333 |         638
 4.0000000000000000 |         692
 4.0000000000000000 |         232
 4.1428571428571429 |         427
 3.9230769230769231 |         158
 3.6000000000000000 |         803
 4.5000000000000000 |         739
 4.0000000000000000 |         172
 3.5000000000000000 |         113
 3.5000000000000000 |         377
 3.9285714285714286 |         184
 3.8000000000000000 |          24
 4.0000000000000000 |         403
 3.5714285714285714 |         170
 4.3333333333333333 |         494
 3.8181818181818182 |          55
 3.8571428571428571 |          68
 4.1666666666666667 |         374
 4.1666666666666667 |         652
 3.8571428571428571 |         535
 4.1111111111111111 |         244
 4.0833333333333333 |         565
 3.7857142857142857 |         128
 3.5000000000000000 |         456
 3.6000000000000000 |         728
 4.2500000000000000 |          38
 3.6666666666666667 |         300
 4.0909090909090909 |         928
 3.5000000000000000 |         353
 3.6666666666666667 |         722
 4.3333333333333333 |         256
 3.4000000000000000 |         216
 3.8571428571428571 |         646
 4.1250000000000000 |         202
 3.9230769230769231 |         865
 3.5555555555555556 |         987
 4.1333333333333333 |         266
 4.1111111111111111 |         725
 4.1428571428571429 |         195
 4.1666666666666667 |         129
 3.6363636363636364 |         744
 3.4444444444444444 |         809
 4.1111111111111111 |           8
 4.0625000000000000 |         985
 4.0000000000000000 |         483
 4.3333333333333333 |         707
 3.6666666666666667 |         971
 4.1666666666666667 |         305
 4.5714285714285714 |          80
 3.8571428571428571 |         881
 4.5000000000000000 |         551
 4.0666666666666667 |         930
 4.0555555555555556 |         312
 3.9000000000000000 |         903
 4.6666666666666667 |         683
 3.9000000000000000 |         179
 3.5454545454545455 |         855
 3.7777777777777778 |         877
 4.0000000000000000 |         470
 3.9285714285714286 |         542
 4.7500000000000000 |         571
 4.2000000000000000 |         685
 3.3333333333333333 |         876
 4.0909090909090909 |         959
 4.0000000000000000 |         693
 4.2000000000000000 |         110
 4.2000000000000000 |         175
 4.1666666666666667 |         370
 3.8333333333333333 |         622
 3.9285714285714286 |          99
 3.5000000000000000 |          48
 4.2500000000000000 |         732
 4.0909090909090909 |         821
 3.0000000000000000 |          28
 3.8888888888888889 |         967
 4.5000000000000000 |         699
 3.6666666666666667 |         262
 4.1000000000000000 |          94
 4.0000000000000000 |         313
 3.8000000000000000 |         362
 3.3333333333333333 |         204
 3.9090909090909091 |         162
 4.0769230769230769 |          30
 3.7272727272727273 |         356
 4.2857142857142857 |         299
 4.4285714285714286 |          95
 3.4000000000000000 |         585
 4.0000000000000000 |         122
 3.8333333333333333 |          62
 3.9230769230769231 |         514
 3.8000000000000000 |         871
 3.6956521739130435 |         329
 4.0909090909090909 |         762
 3.7272727272727273 |         623
 4.0909090909090909 |         751
 4.0000000000000000 |         531
 4.2222222222222222 |         828
 3.7857142857142857 |         454
 3.8181818181818182 |         180
 3.9375000000000000 |         390
 3.8750000000000000 |         127
 3.5000000000000000 |         939
 4.5000000000000000 |         628
 4.4000000000000000 |         439
 3.9166666666666667 |         988
 3.7142857142857143 |         669
 4.3636363636363636 |         675
 4.0000000000000000 |         670
 3.9230769230769231 |         560
 3.9411764705882353 |         117
 4.2500000000000000 |         991
 4.0000000000000000 |         438
 3.6666666666666667 |         709
 3.8333333333333333 |         185
 4.0833333333333333 |         545
 4.5384615384615385 |         708
 3.9166666666666667 |         940
 4.2500000000000000 |         697
 3.8750000000000000 |         487
 4.5000000000000000 |         553
 4.0500000000000000 |         309
 3.7894736842105263 |         795
 3.8666666666666667 |         349
 4.1666666666666667 |         363
 3.9285714285714286 |         341
 3.6666666666666667 |         632
 3.7777777777777778 |         831
 5.0000000000000000 |         811
 3.8235294117647059 |         286
 4.0909090909090909 |         409
 4.0909090909090909 |         676
 4.0000000000000000 |         986
 4.2500000000000000 |         155
 3.6666666666666667 |         446
 3.8333333333333333 |         417
 4.0000000000000000 |         434
 3.8636363636363636 |         950
 4.0833333333333333 |         605
 4.1000000000000000 |         717
 4.0000000000000000 |         587
 3.6666666666666667 |         710
 3.7500000000000000 |         604
 4.1111111111111111 |         842
 3.7500000000000000 |         799
 3.5000000000000000 |         691
 3.7647058823529412 |         389
 3.9285714285714286 |         961
 4.2142857142857143 |         767
 3.7142857142857143 |          97
 4.4000000000000000 |         641
 4.0909090909090909 |         702
 3.8571428571428571 |         205
 4.1000000000000000 |         197
 4.0000000000000000 |         639
 3.6666666666666667 |         187
 4.3125000000000000 |         750
 3.6363636363636364 |         447
 4.0000000000000000 |         114
 4.0000000000000000 |         558
 3.9411764705882353 |         351
 3.8333333333333333 |         156
 4.2222222222222222 |         302
 3.9285714285714286 |         386
 3.8000000000000000 |         951
 4.3333333333333333 |         934
 3.5000000000000000 |         249
 3.8333333333333333 |         269
 4.2000000000000000 |         126
 3.7500000000000000 |         534
 4.3750000000000000 |         511
 4.5000000000000000 |         194
 3.8181818181818182 |         430
 4.0769230769230769 |         506
 4.0000000000000000 |         835
 3.8000000000000000 |         844
 4.0000000000000000 |         964
 3.7142857142857143 |         968
 3.7777777777777778 |         922
 4.5000000000000000 |         316
 3.6250000000000000 |         132
 3.7500000000000000 |         688
 3.7272727272727273 |         336
 4.0000000000000000 |         520
 3.8888888888888889 |         378
 3.7142857142857143 |         721
 4.0000000000000000 |         369
 4.0909090909090909 |         742
 3.5000000000000000 |         724
 5.0000000000000000 |         788
 3.8000000000000000 |          67
 4.1666666666666667 |         457
 3.5000000000000000 |         849
 3.6666666666666667 |         826
 3.6666666666666667 |         764
 4.0625000000000000 |         464
 3.7500000000000000 |         352
 4.3333333333333333 |         395
 3.6666666666666667 |         947
 4.0000000000000000 |         703
 4.1250000000000000 |         761
 4.0000000000000000 |         567
 4.1000000000000000 |         224
 3.8333333333333333 |         477
 3.7000000000000000 |         735
 4.2352941176470588 |         660
 3.6666666666666667 |         658
 4.0666666666666667 |         955
 3.5294117647058824 |          50
 3.5454545454545455 |         586
 4.0000000000000000 |         973
 4.1666666666666667 |         513
 4.0714285714285714 |         845
 3.8181818181818182 |          51
 4.6000000000000000 |         406
 4.0000000000000000 |          76
 4.2500000000000000 |          69
 3.7500000000000000 |         460
 4.0000000000000000 |         334
 4.0000000000000000 |         529
 3.6250000000000000 |         203
 3.8750000000000000 |         385
 4.5000000000000000 |         441
 3.9285714285714286 |         552
 3.9473684210526316 |         591
 4.0000000000000000 |         393
 3.8888888888888889 |         219
 4.1428571428571429 |          81
 3.8888888888888889 |         557
 4.1111111111111111 |         778
 3.7142857142857143 |         273
 3.3333333333333333 |         521
 4.4545454545454545 |         870
 4.0000000000000000 |          79
 4.1875000000000000 |         450
 3.8461538461538462 |          42
 4.1111111111111111 |         502
 3.8888888888888889 |         715
 4.3333333333333333 |          90
 4.0000000000000000 |         481
 3.7857142857142857 |         134
 4.0000000000000000 |          59
 4.1818181818181818 |         192
 4.3333333333333333 |         338
 4.1428571428571429 |         621
 4.0526315789473684 |         271
 4.4285714285714286 |         734
 3.8000000000000000 |         116
 3.6666666666666667 |         350
 3.7500000000000000 |         794
 3.9285714285714286 |         607
 4.0000000000000000 |         235
 4.1111111111111111 |         394
 3.5555555555555556 |         387
 3.9166666666666667 |         248
 4.0000000000000000 |         932
 4.4000000000000000 |          84
 4.0000000000000000 |         862
 4.0588235294117647 |         501
 4.4375000000000000 |         207
 3.7857142857142857 |          74
 4.1428571428571429 |         418
 4.8571428571428571 |           6
 4.0833333333333333 |         509
 4.4000000000000000 |         463
 3.6666666666666667 |         246
 4.0000000000000000 |          29
 3.8000000000000000 |         488
 3.4000000000000000 |         159
 4.2307692307692308 |         354
 3.7500000000000000 |         267
 4.2500000000000000 |          41
 3.5000000000000000 |         516
 4.6666666666666667 |         713
 3.7777777777777778 |         830
 4.1250000000000000 |         580
 4.3333333333333333 |         141
 4.6666666666666667 |         769
 3.4000000000000000 |         698
 3.8888888888888889 |         720
 4.1111111111111111 |         840
 4.2941176470588235 |         564
 3.9090909090909091 |         539
 4.1764705882352941 |         904
 4.1666666666666667 |         402
 4.0000000000000000 |         467
 4.2631578947368421 |         171
 3.5000000000000000 |         648
 3.9333333333333333 |         227
 4.4000000000000000 |         380
 4.3636363636363636 |         247
 4.5714285714285714 |         992
 4.0000000000000000 |         347
 3.8000000000000000 |         311
 3.7272727272727273 |         410
 3.6000000000000000 |         517
 3.9333333333333333 |         242
 3.8571428571428571 |         138
 3.8888888888888889 |         858
 4.2857142857142857 |         766
 4.3125000000000000 |         190
 3.5000000000000000 |          16
 4.0588235294117647 |         680
 4.0000000000000000 |          54
 3.5714285714285714 |         342
 3.8750000000000000 |         993
 3.9166666666666667 |         574
 4.4117647058823529 |         854
 4.3333333333333333 |         663
 3.9230769230769231 |         103
 4.0000000000000000 |         115
 4.0000000000000000 |         525
 4.7500000000000000 |         236
 3.1250000000000000 |         888
 4.1666666666666667 |         148
 4.1666666666666667 |         208
 3.9000000000000000 |         678
 3.7500000000000000 |         323
 4.4285714285714286 |         322
 3.0000000000000000 |         810
 4.2000000000000000 |         368
 3.6250000000000000 |         857
 3.0000000000000000 |         294
 3.5454545454545455 |          36
 4.2857142857142857 |         174
 4.4444444444444444 |         451
 4.0000000000000000 |           4
 3.9375000000000000 |         407
 4.2222222222222222 |         200
 4.1818181818181818 |         257
 4.0000000000000000 |          53
 3.6666666666666667 |         222
 4.0000000000000000 |         275
 3.9090909090909091 |         948
 3.9000000000000000 |         613
 4.0714285714285714 |          92
 4.1875000000000000 |          23
 3.8333333333333333 |         528
 3.7000000000000000 |         583
 3.8333333333333333 |          44
 4.1818181818181818 |         650
 4.0000000000000000 |         990
 4.0833333333333333 |         371
 3.8181818181818182 |         936
 3.7777777777777778 |         568
 3.7142857142857143 |         726
 3.8181818181818182 |         814
 3.5000000000000000 |         998
 3.9166666666666667 |         960
 3.5000000000000000 |         544
 4.0000000000000000 |         754
 4.3333333333333333 |         677
 4.3076923076923077 |         791
 3.4285714285714286 |         929
 3.7777777777777778 |          58
 4.0000000000000000 |           1
 5.0000000000000000 |         666
 3.4444444444444444 |         290
 4.0000000000000000 |         890
 4.0952380952380952 |         793
 4.0000000000000000 |         619
 4.3000000000000000 |         682
 4.0909090909090909 |         206
 4.3571428571428571 |         562
 3.8000000000000000 |         111
 4.1666666666666667 |         608
 4.0000000000000000 |         364
 4.0000000000000000 |         237
 4.5000000000000000 |         372
 4.3333333333333333 |          86
 4.0909090909090909 |         768
 4.6666666666666667 |          49
 3.7000000000000000 |         860
 4.2857142857142857 |         572
 4.0000000000000000 |          22
 3.8333333333333333 |         978
 3.8333333333333333 |         912
 4.0000000000000000 |         360
 3.6875000000000000 |          70
 4.0000000000000000 |          45
 4.3333333333333333 |         743
 3.9333333333333333 |         225
 4.0000000000000000 |         780
 4.1666666666666667 |         760
 4.0000000000000000 |         906
 3.0000000000000000 |         199
 4.0000000000000000 |         829
 4.2222222222222222 |         945
 4.1428571428571429 |         495
 4.0000000000000000 |         981
 4.0000000000000000 |         611
 3.8000000000000000 |          60
 3.6250000000000000 |         671
 4.1818181818181818 |         618
 3.6250000000000000 |         975
 4.5000000000000000 |         895
 3.8571428571428571 |         894
 4.3333333333333333 |         422
 4.0000000000000000 |         105
 3.8666666666666667 |         327
 4.0000000000000000 |         909
 4.0000000000000000 |         668
 3.6363636363636364 |         790
 3.6250000000000000 |         469
 4.0000000000000000 |          75
 4.0833333333333333 |         124
 4.0000000000000000 |         905
 4.2000000000000000 |         561
 4.1428571428571429 |         510
 4.1428571428571429 |         229
 4.0833333333333333 |         245
 4.0000000000000000 |         425
 4.1333333333333333 |         415
 3.7000000000000000 |          43
 3.6666666666666667 |         747
 3.9333333333333333 |         982
 5.0000000000000000 |         771
 3.7142857142857143 |         220
 4.0000000000000000 |         482
 3.7272727272727273 |         259
 4.4000000000000000 |         573
 4.1666666666666667 |         166
 3.7500000000000000 |         924
 4.1428571428571429 |         731
 4.1764705882352941 |         864
 3.4166666666666667 |         920
 4.0000000000000000 |         522
 4.0000000000000000 |         291
 4.1333333333333333 |         423
 3.8750000000000000 |         431
 4.3333333333333333 |           3
 3.9230769230769231 |         645
 4.0833333333333333 |         746
 4.1250000000000000 |         597
 4.6666666666666667 |         201
 3.6000000000000000 |          61
 4.0000000000000000 |         797
 4.2222222222222222 |         176
 3.5000000000000000 |         901
 3.6666666666666667 |          87
 4.0000000000000000 |         169
 4.0769230769230769 |         388
 4.0000000000000000 |         884
 4.3571428571428571 |          14
 3.8888888888888889 |         344
 3.6153846153846154 |         598
 4.0000000000000000 |         824
 4.7142857142857143 |         476
 3.5555555555555556 |         776
 3.4285714285714286 |         472
 4.1666666666666667 |         649
 4.0000000000000000 |         902
 4.0000000000000000 |         147
 4.6000000000000000 |         873
 3.6250000000000000 |         634
 4.0714285714285714 |         121
 3.6666666666666667 |         859
 4.5714285714285714 |         659
 3.7500000000000000 |         210
 3.5000000000000000 |         787
 4.2000000000000000 |         911
 4.0833333333333333 |         944
 3.8666666666666667 |         716
 3.5000000000000000 |         916
 4.1666666666666667 |         161
 4.1111111111111111 |         157
 3.8000000000000000 |         154
 4.0000000000000000 |         584
 3.6000000000000000 |          35
 4.2500000000000000 |         602
 3.8888888888888889 |         657
 4.0000000000000000 |         503
 4.2222222222222222 |         173
 3.8333333333333333 |         963
 3.8333333333333333 |         878
 4.0000000000000000 |         375
 4.4444444444444444 |         188
 4.6666666666666667 |         792
 3.8750000000000000 |         784
 4.2500000000000000 |         867
 5.0000000000000000 |         592
 4.1111111111111111 |         753
 4.2857142857142857 |         448
 3.7500000000000000 |         491
 4.1250000000000000 |         907
 4.5000000000000000 |         933
 3.8461538461538462 |         757
 4.0000000000000000 |         306
 4.3333333333333333 |         783
 4.2500000000000000 |         527
 4.0000000000000000 |         773
 4.1428571428571429 |         345
 3.8333333333333333 |         989
 3.9523809523809524 |         436
 4.0000000000000000 |         972
 4.0000000000000000 |         150
 4.1000000000000000 |         308
 3.4000000000000000 |         943
 3.4285714285714286 |         420
 4.0000000000000000 |         926
 4.2000000000000000 |         490
 4.2222222222222222 |         808
 3.8947368421052632 |         331
 4.3076923076923077 |         798
 3.8888888888888889 |         874
 3.8571428571428571 |          63
 3.7692307692307692 |         711
 4.1000000000000000 |           9
 4.0000000000000000 |         183
 4.5000000000000000 |         917
 4.3125000000000000 |         260
 4.5555555555555556 |         411
 3.8000000000000000 |         445
 4.6666666666666667 |         832
 3.8571428571428571 |         908
 4.1428571428571429 |         749
 3.8823529411764706 |          88
 3.5000000000000000 |         118
 3.5000000000000000 |         272
 4.0000000000000000 |         130
 4.0833333333333333 |         240
 3.8000000000000000 |         223
 3.6363636363636364 |         283
 4.0833333333333333 |         772
 3.7333333333333333 |         217
 3.6666666666666667 |         231
 4.2857142857142857 |         548
 3.8125000000000000 |         538
 3.8000000000000000 |         383
 4.0000000000000000 |         212
 3.6842105263157895 |         328
 3.7272727272727273 |         925
 4.4000000000000000 |         612
 4.2631578947368421 |         962
 4.1250000000000000 |         263
 3.8333333333333333 |         740
 4.0000000000000000 |         953
 3.8125000000000000 |         616
 3.9000000000000000 |         615
 3.7692307692307692 |         144
 4.6000000000000000 |         453
 3.7500000000000000 |           7
(996 rows)

